116 111111. s

, 'ordino 1111616111 1111611111, 6611661 11111111 1611611116. 16366, a.

11111111 31111111 61661 16111111 16116, 61311 6611111161, 1111111161.

‘¹ 1111. 1, 54, 6. nocentiumque 1166616116 61361 interemtorum 1111-
16116111. 611 6116 1116111111. 1166 6, 66, 16.

Varro opud Non. 4, 2666136111161611111 16116 66 Prilio:

Ἰ Africanae. 16116154, 16. (genus 1161661611)61111616 11616111

’ imperiumque 16116 66 6161 1666116111 1661 pridem 1611111111.

’ 5, 6, 5. 111611111116161661 aestate 11116 311111 porro. 661,

16. 1611111116 1666111116 61661 atroci. ubi multi 16611. 16116.

21, 66, 4161166111 mpiior 161116 16616 111 616111 61116111 611111·

16111. 3611161111 1111111 emendandis 1161116 laborarunt 1111111. 1

ι· 1111611111 111 militaro 1666161616, 6111111 166111 ot aggredi

. 11611161 11111661 11161161 11611111111161 montone· perronio

. 1631161116111111111111111611666161111 6116111116. Pro 611-
verbio 66161161613611116111661 dixit 16116 111616 61111616.

1111. 6,·6, 18. parm atque imperare 16116 parator.¹ 16111.

' · 16111, 48. 611 111661631661,11161116111 61 661111 111616

1611111.

, y 86111111. 661. 51, 66. 111116 1661611 16616116116111611 16111611-
’ 11,1111161111161111111. 61111166 4,1.111116 61616116 11 111-
. - 1111116. ·

861161116385, 6611116161 11 66161161 16116 1161116111.
1111112, 11. quom 61166, 6166161166, impediti 111 1616111111
1611 6111611361 11 61111 16116 6616666161111. 4, 56. 11111. 6, 58.

· ’“ hir. 6, 16, 6. 16116 11116611161111161361 1666166116611,’·1’116.
· 11111. 6. 6, 65, 56. (margaritae) 6111 61661161, 61111161, 1611111,
Ι16113116 6616611 o 11611611 16116 6666613616116161. 6, 41, 65.
· 6611611. (1111. 28. 111661 1366116111 1661116661 16116 6111111116.

61, 6. 116 16611116611161116616161161 16116 perparvorum. 1113.
“ 85,41.Τ6111..,1116456.,.11116116 ·

’ 661161116388,1.111111116111161661,6611366611661616 111611-
’ 11161,111116161611611.,’66,18.1161611116.1611116658.
’ rpem 6111111661 111116 316161611611616161161616111661161
’3111161111 Η111. 5,1. 1616 616161166131611. Plio. 11111
’ 6. 2, 6, 6. 66111, qus· 111161 agimur, 16116 1111161 6661161361
16111111 1611161 6166661.

1611611. 163. 61, 6. 1611616111 66113111, 11111161· 11 1111111111 16-
· 6111 6111661611.

1611661661. 16111161. 6,8. 11115. 116116 1611111 11116111
’ 3666161116 1116116161 11111111 66116161616136116116 666111. ci.
Toubmorrn. 611 Plauti 11161611. 2, 4, 16. ,

 

